{
 "cells": [
  {
   "cell_type": "markdown",
   "metadata": {
    "id": "UECRDjPW_8KB"
   },
   "source": [
    "## DERIVATIVE PRICING\n",
    "MODULE 5 | LESSON 4\n",
    "\n",
    "\n",
    "---\n"
   ]
  },
  {
   "cell_type": "markdown",
   "metadata": {
    "id": "4WZ4A5G8_-UW"
   },
   "source": [
    "# **AN EXAMPLE OF CORRELATED STOCK RETURNS**"
   ]
  },
  {
   "cell_type": "markdown",
   "metadata": {
    "id": "EfCYJktxAKEe"
   },
   "source": [
    "\n",
    "|  |  |\n",
    "|:---|:---|\n",
    "|**Reading Time** |  50 minutes |\n",
    "|**Prior Knowledge** | Stock returns, Cholesky decomposition, GBM |\n",
    "|**Keywords** | Cholesky decomposition, Correlation |\n",
    "\n",
    "\n",
    "---"
   ]
  },
  {
   "cell_type": "markdown",
   "metadata": {
    "id": "JRuwHS4jgoyu"
   },
   "source": [
    "*In this lesson, we will guide you through the process of generating correlated stock returns with the GBM process, using real data obtained from past returns' distributions and a correlation matrix.*\n",
    "\n",
    "*This is going to be a very helpful tool when it comes to pricing, for example, a basket option.*\n",
    "\n",
    "- **What is a Basket Option?** → In short, an option whose payoff depends on the evolution of several underlying assets. More [here](https://en.wikipedia.org/wiki/Basket_option).\n",
    "\n",
    "\n",
    "As always, let's start by importing the necessary libraries:"
   ]
  },
  {
   "cell_type": "code",
   "execution_count": 1,
   "metadata": {
    "id": "w50-oReGZdok"
   },
   "outputs": [],
   "source": [
    "# Import libraries\n",
    "%matplotlib inline\n",
    "from math import exp, sqrt\n",
    "import matplotlib.pyplot as plt\n",
    "import numpy as np"
   ]
  },
  {
   "cell_type": "markdown",
   "metadata": {
    "id": "RlIze5TJhtRZ"
   },
   "source": [
    "## 1. Gathering Historical Data on Stock Returns' Distribution and Correlations\n",
    "\n",
    "In order to simulate correlated stock price paths under the GBM process, we need some input parameters: volatility and correlation matrix. \n",
    "One possibility is to obtain these parameters from the distribution of past returns. Thus, our first step is to get this data. For illustrative purposes, we are going to use the parameters based on past historical returns of Apple, Amazon, Facebook/Meta, Google/Alphabet, and Microsoft. "
   ]
  },
  {
   "cell_type": "code",
   "execution_count": 2,
   "metadata": {
    "colab": {
     "base_uri": "https://localhost:8080/",
     "height": 252
    },
    "executionInfo": {
     "elapsed": 1236,
     "status": "ok",
     "timestamp": 1643304093976,
     "user": {
      "displayName": "Sergio García",
      "photoUrl": "https://lh3.googleusercontent.com/a/default-user=s64",
      "userId": "13816158105599623863"
     },
     "user_tz": -60
    },
    "id": "WplJbI0fZ2S6",
    "outputId": "7164a42c-3cf7-4de8-8237-e5bebccc906c"
   },
   "outputs": [
    {
     "data": {
      "text/html": [
       "<div>\n",
       "<style scoped>\n",
       "    .dataframe tbody tr th:only-of-type {\n",
       "        vertical-align: middle;\n",
       "    }\n",
       "\n",
       "    .dataframe tbody tr th {\n",
       "        vertical-align: top;\n",
       "    }\n",
       "\n",
       "    .dataframe thead th {\n",
       "        text-align: right;\n",
       "    }\n",
       "</style>\n",
       "<table border=\"1\" class=\"dataframe\">\n",
       "  <thead>\n",
       "    <tr style=\"text-align: right;\">\n",
       "      <th></th>\n",
       "      <th>AAPL</th>\n",
       "      <th>AMZN</th>\n",
       "      <th>FB</th>\n",
       "      <th>GOOG</th>\n",
       "      <th>MSFT</th>\n",
       "    </tr>\n",
       "    <tr>\n",
       "      <th>timestamp</th>\n",
       "      <th></th>\n",
       "      <th></th>\n",
       "      <th></th>\n",
       "      <th></th>\n",
       "      <th></th>\n",
       "    </tr>\n",
       "  </thead>\n",
       "  <tbody>\n",
       "    <tr>\n",
       "      <th>2012-05-18 04:00:00</th>\n",
       "      <td>18.9421</td>\n",
       "      <td>10.6925</td>\n",
       "      <td>38.2318</td>\n",
       "      <td>30.0200</td>\n",
       "      <td>29.27</td>\n",
       "    </tr>\n",
       "    <tr>\n",
       "      <th>2012-05-21 04:00:00</th>\n",
       "      <td>20.0457</td>\n",
       "      <td>10.9055</td>\n",
       "      <td>34.0300</td>\n",
       "      <td>30.7055</td>\n",
       "      <td>29.75</td>\n",
       "    </tr>\n",
       "    <tr>\n",
       "      <th>2012-05-22 04:00:00</th>\n",
       "      <td>19.8918</td>\n",
       "      <td>10.7665</td>\n",
       "      <td>31.0000</td>\n",
       "      <td>30.0400</td>\n",
       "      <td>29.76</td>\n",
       "    </tr>\n",
       "    <tr>\n",
       "      <th>2012-05-23 04:00:00</th>\n",
       "      <td>20.3771</td>\n",
       "      <td>10.8640</td>\n",
       "      <td>32.0000</td>\n",
       "      <td>30.4730</td>\n",
       "      <td>29.11</td>\n",
       "    </tr>\n",
       "    <tr>\n",
       "      <th>2012-05-24 04:00:00</th>\n",
       "      <td>20.1900</td>\n",
       "      <td>10.7620</td>\n",
       "      <td>33.0300</td>\n",
       "      <td>30.1830</td>\n",
       "      <td>29.07</td>\n",
       "    </tr>\n",
       "  </tbody>\n",
       "</table>\n",
       "</div>"
      ],
      "text/plain": [
       "                        AAPL     AMZN       FB     GOOG   MSFT\n",
       "timestamp                                                     \n",
       "2012-05-18 04:00:00  18.9421  10.6925  38.2318  30.0200  29.27\n",
       "2012-05-21 04:00:00  20.0457  10.9055  34.0300  30.7055  29.75\n",
       "2012-05-22 04:00:00  19.8918  10.7665  31.0000  30.0400  29.76\n",
       "2012-05-23 04:00:00  20.3771  10.8640  32.0000  30.4730  29.11\n",
       "2012-05-24 04:00:00  20.1900  10.7620  33.0300  30.1830  29.07"
      ]
     },
     "execution_count": 2,
     "metadata": {},
     "output_type": "execute_result"
    }
   ],
   "source": [
    "import pandas as pd\n",
    "\n",
    "file_paths = {\n",
    "    'AAPL': 'AAPL_wqu_data.csv',\n",
    "    'AMZN': 'AMZN_wqu_data.csv',\n",
    "    'FB': 'FB_wqu_data.csv',\n",
    "    'GOOG': 'GOOG_wqu_data.csv',\n",
    "    'MSFT': 'MSFT_wqu_data.csv',\n",
    "}\n",
    "\n",
    "# Load adjusted close prices\n",
    "df_prices = {}\n",
    "\n",
    "for ticker, path in file_paths.items():\n",
    "    df = pd.read_csv(path, parse_dates=['timestamp'])\n",
    "    df.set_index('timestamp', inplace=True)\n",
    "    df_prices[ticker] = df['close']\n",
    "\n",
    "# Combine into one DataFrame\n",
    "df_tickers = pd.concat(df_prices.values(), axis=1)\n",
    "df_tickers.columns = df_prices.keys()\n",
    "\n",
    "# Drop rows with any NaNs to ensure all tickers have data\n",
    "# This forces the DataFrame to start from the first common available date\n",
    "df_tickers = df_tickers.dropna()\n",
    "df_tickers.head()"
   ]
  },
  {
   "cell_type": "markdown",
   "metadata": {
    "id": "mz0k0xySjvmi"
   },
   "source": [
    "Next, we calculate the daily returns, volatilities, and correlation matrix of returns:"
   ]
  },
  {
   "cell_type": "code",
   "execution_count": 3,
   "metadata": {
    "colab": {
     "base_uri": "https://localhost:8080/"
    },
    "executionInfo": {
     "elapsed": 223,
     "status": "ok",
     "timestamp": 1643304243363,
     "user": {
      "displayName": "Sergio García",
      "photoUrl": "https://lh3.googleusercontent.com/a/default-user=s64",
      "userId": "13816158105599623863"
     },
     "user_tz": -60
    },
    "id": "vNZl8wLNaLN7",
    "outputId": "e8c5156b-9078-4821-cf86-3d50ec3c45f7"
   },
   "outputs": [
    {
     "name": "stdout",
     "output_type": "stream",
     "text": [
      "          AAPL      AMZN        FB      GOOG      MSFT\n",
      "AAPL  1.000000  0.475788  0.417885  0.466287  0.591477\n",
      "AMZN  0.475788  1.000000  0.475429  0.531200  0.568306\n",
      "FB    0.417885  0.475429  1.000000  0.467765  0.440463\n",
      "GOOG  0.466287  0.531200  0.467765  1.000000  0.571181\n",
      "MSFT  0.591477  0.568306  0.440463  0.571181  1.000000\n"
     ]
    }
   ],
   "source": [
    "df_tickers_ret = df_tickers / df_tickers.shift(1) - 1\n",
    "volatility = (\n",
    "    df_tickers_ret.std()\n",
    ")  # This is daily volatility, we will later on annualize it!\n",
    "df_tickers_corr = df_tickers_ret.corr()\n",
    "print(df_tickers_corr)"
   ]
  },
  {
   "cell_type": "markdown",
   "metadata": {
    "id": "lZUB-P3ZkP_r"
   },
   "source": [
    "## 2. Cholesky Decomposition\n",
    "\n",
    "In the next step, we use Cholesky factorization in order to simulate our multivariate correlated normal variables ($\\epsilon$ from slides).\n",
    "\n",
    "For that, we make use of the numpy method `np.linalg.cholesky()`, which facilitates the task."
   ]
  },
  {
   "cell_type": "code",
   "execution_count": 4,
   "metadata": {
    "colab": {
     "base_uri": "https://localhost:8080/"
    },
    "executionInfo": {
     "elapsed": 6,
     "status": "ok",
     "timestamp": 1643304567334,
     "user": {
      "displayName": "Sergio García",
      "photoUrl": "https://lh3.googleusercontent.com/a/default-user=s64",
      "userId": "13816158105599623863"
     },
     "user_tz": -60
    },
    "id": "T3GhN-4CapXc",
    "outputId": "63ef7c6a-4444-4e8f-f7d5-dc39c50a31cb"
   },
   "outputs": [
    {
     "name": "stdout",
     "output_type": "stream",
     "text": [
      "This is the R matrix: \n",
      "[[1.         0.         0.         0.         0.        ]\n",
      " [0.47578823 0.87955987 0.         0.         0.        ]\n",
      " [0.41788466 0.31447993 0.8523349  0.         0.        ]\n",
      " [0.46628677 0.35170587 0.19042583 0.78906124 0.        ]\n",
      " [0.59147748 0.3261724  0.10643608 0.20327653 0.70079667]]\n",
      "This is the reconstructed original correlation matrix \n",
      "[[1.         0.47578823 0.41788466 0.46628677 0.59147748]\n",
      " [0.47578823 1.         0.47542852 0.53120012 0.56830618]\n",
      " [0.41788466 0.47542852 1.         0.46776511 0.44046322]\n",
      " [0.46628677 0.53120012 0.46776511 1.         0.57118068]\n",
      " [0.59147748 0.56830618 0.44046322 0.57118068 1.        ]]\n"
     ]
    }
   ],
   "source": [
    "# Perform Cholesky decomposition on coefficient matrix\n",
    "R = np.linalg.cholesky(df_tickers_corr)\n",
    "\n",
    "# Compute transpose conjugate (only for validation)\n",
    "RT = R.T.conj()\n",
    "\n",
    "# Compare the R matrix and check the reconstruction of the original correlation matrix:\n",
    "# 1. R  matrix from Cholesky decomposition\n",
    "print(\"This is the R matrix: \")\n",
    "print(R)\n",
    "# 2. Reconstruct coefficient matrix from factorization (only for validation)\n",
    "print(\"This is the reconstructed original correlation matrix \")\n",
    "print(np.dot(R, RT))"
   ]
  },
  {
   "cell_type": "markdown",
   "metadata": {
    "id": "WFTv9AoOm-mA"
   },
   "source": [
    "## 3. Simulate\n",
    "\n",
    "Now, it is the time to make use of Cholesky decomposition in the previous point, and stock return volatility data to actually simulate the price paths for different assets taking into account the dynamics of the mentioned firms.\n",
    "\n",
    "Remember, we do not really care about the $\\mu$ parameter since we are in a risk-neutral world."
   ]
  },
  {
   "cell_type": "code",
   "execution_count": 5,
   "metadata": {
    "id": "t1HOvIlja3kr"
   },
   "outputs": [],
   "source": [
    "T = 252\n",
    "Num = len(volatility)  # Number of simulated days\n",
    "stock_price_array = np.full(\n",
    "    (Num, T), 100.0\n",
    ")  # Stock price, first value is simulation input\n",
    "volatility_array = volatility * sqrt(252)  # Volatility (annual, 0.01=1%)\n",
    "r = 0.001  # Risk-free rate (annual, 0.01=1%)\n",
    "dt = 1.0 / T  # Time increment (annualized)"
   ]
  },
  {
   "cell_type": "markdown",
   "metadata": {
    "id": "D9oYSPaUnniP"
   },
   "source": [
    "For comparability purposes, let's assume that $S_0=100$ for all of our different stocks simulated (obviously, this will change in real life for a basket option):"
   ]
  },
  {
   "cell_type": "code",
   "execution_count": 6,
   "metadata": {
    "colab": {
     "base_uri": "https://localhost:8080/"
    },
    "executionInfo": {
     "elapsed": 6,
     "status": "ok",
     "timestamp": 1643305163358,
     "user": {
      "displayName": "Sergio García",
      "photoUrl": "https://lh3.googleusercontent.com/a/default-user=s64",
      "userId": "13816158105599623863"
     },
     "user_tz": -60
    },
    "id": "MHnI1vf4cURU",
    "outputId": "e0dc98e7-9323-4e88-d2ee-80b0a7a63910"
   },
   "outputs": [
    {
     "data": {
      "text/plain": [
       "array([[100., 100., 100., ..., 100., 100., 100.],\n",
       "       [100., 100., 100., ..., 100., 100., 100.],\n",
       "       [100., 100., 100., ..., 100., 100., 100.],\n",
       "       [100., 100., 100., ..., 100., 100., 100.],\n",
       "       [100., 100., 100., ..., 100., 100., 100.]])"
      ]
     },
     "execution_count": 6,
     "metadata": {},
     "output_type": "execute_result"
    }
   ],
   "source": [
    "stock_price_array"
   ]
  },
  {
   "cell_type": "markdown",
   "metadata": {
    "id": "uQ00StHOn2dG"
   },
   "source": [
    "With all the previous inputs, we can now simulate price paths using the \"classic\" price process:\n",
    "\n",
    "$$\n",
    "\\begin{equation}\n",
    "S_t = S_{t-1} e^{\\left(\\left(r - \\frac{\\sigma^2}{2}\\right)dt + \\sigma ϵ \\sqrt{dt}\\right)}\n",
    "\\end{equation}\n",
    "$$"
   ]
  },
  {
   "cell_type": "code",
   "execution_count": 7,
   "metadata": {
    "id": "iC3LVAr3a4Uj"
   },
   "outputs": [
    {
     "name": "stderr",
     "output_type": "stream",
     "text": [
      "/tmp/ipykernel_38/3873627968.py:12: FutureWarning: Series.__getitem__ treating keys as positions is deprecated. In a future version, integer keys will always be treated as labels (consistent with DataFrame behavior). To access a value by position, use `ser.iloc[pos]`\n",
      "  v = volatility_array[n]\n"
     ]
    }
   ],
   "source": [
    "for t in range(1, T):\n",
    "    # Generate array of random standard normal draws\n",
    "    random_array = np.random.standard_normal(Num)\n",
    "\n",
    "    # Multiply R (from factorization) with random_array to obtain correlated epsilons\n",
    "    epsilon_array = np.inner(random_array, R)\n",
    "\n",
    "    # Sample price path per stock\n",
    "    for n in range(Num):\n",
    "        dt = 1 / T\n",
    "        S = stock_price_array[n, t - 1]\n",
    "        v = volatility_array[n]\n",
    "        epsilon = epsilon_array[n]\n",
    "\n",
    "        # Generate new stock price\n",
    "        stock_price_array[n, t] = S * exp(\n",
    "            (r - 0.5 * v**2) * dt + v * sqrt(dt) * epsilon\n",
    "        )"
   ]
  },
  {
   "cell_type": "markdown",
   "metadata": {
    "id": "Q74WwPGiotwf"
   },
   "source": [
    "Finally, we can plot the paths:<span style='color: transparent; font-size:1%'>All rights reserved WQU WorldQuant University QQQQ</span>"
   ]
  },
  {
   "cell_type": "code",
   "execution_count": null,
   "metadata": {
    "colab": {
     "base_uri": "https://localhost:8080/",
     "height": 279
    },
    "executionInfo": {
     "elapsed": 622,
     "status": "ok",
     "timestamp": 1643305444831,
     "user": {
      "displayName": "Sergio García",
      "photoUrl": "https://lh3.googleusercontent.com/a/default-user=s64",
      "userId": "13816158105599623863"
     },
     "user_tz": -60
    },
    "id": "bOcM4WXMa78S",
    "outputId": "600783cc-83bb-45cf-b185-fd37bd2e4bda"
   },
   "outputs": [],
   "source": [
    "# Plot simulated price paths\n",
    "fig = plt.figure()\n",
    "ax = fig.add_subplot(1, 1, 1)\n",
    "array_day_plot = [t for t in range(T)]\n",
    "tickers = df_tickers.columns\n",
    "\n",
    "for n in range(Num):\n",
    "    ax.plot(array_day_plot, stock_price_array[n], label=\"{}\".format(tickers[n]))\n",
    "\n",
    "plt.grid()\n",
    "plt.xlabel(\"Day\")\n",
    "plt.ylabel(\"Asset price\")\n",
    "plt.legend(loc=\"best\")\n",
    "\n",
    "plt.show()"
   ]
  },
  {
   "cell_type": "markdown",
   "metadata": {
    "id": "5fgzymVxhH5Q"
   },
   "source": [
    "## 4. Conclusion\n",
    "\n",
    "Well done! Now you have learned how to use Cholesky's decomposition in order to be able to simulate price paths for a number of assets. In the next module, we will move forward in our understanding of derivative pricing by incorporating more complex pricing models where, for example, we start considering the case of a non-constant volatility parameter. "
   ]
  },
  {
   "cell_type": "markdown",
   "metadata": {
    "deletable": false,
    "editable": false
   },
   "source": [
    "---\n",
    "Copyright 2025 WorldQuant University. This\n",
    "content is licensed solely for personal use. Redistribution or\n",
    "publication of this material is strictly prohibited.\n"
   ]
  }
 ],
 "metadata": {
  "colab": {
   "collapsed_sections": [],
   "name": "Derivative Pricing_Module 5_Lesson_4.ipynb",
   "provenance": []
  },
  "kernelspec": {
   "display_name": "Python 3 (ipykernel)",
   "language": "python",
   "name": "python3"
  },
  "language_info": {
   "codemirror_mode": {
    "name": "ipython",
    "version": 3
   },
   "file_extension": ".py",
   "mimetype": "text/x-python",
   "name": "python",
   "nbconvert_exporter": "python",
   "pygments_lexer": "ipython3",
   "version": "3.11.0"
  }
 },
 "nbformat": 4,
 "nbformat_minor": 4
}
